B-1

2 1 6
2 1 1
1 1
1 2
2 2 1
1 1
1 2

****************************

B-2

5 5 30
1 3
2 3 5
1 3
2 2 1
2 4 5
2 5 2
2 2 3
1 4
2 4 1
2 2 2
1 1
1 5
2 5 3
2 4 4
1 4
1 2
2 3 3
2 4 3
1 3
1 5
1 3
2 1 3
1 1
2 2 4
1 1
1 4
1 5
1 4
1 1
1 5

****************************


C-1

2 3 4

****************************

C-2

4 3 21

****************************

C-3

12 34 5

D-1

10
.###..#..###.###.#.#.###.###.###.###.###.
.#.#.##....#...#.#.#.#...#.....#.#.#.#.#.
.#.#..#..###.###.###.###.###...#.###.###.
.#.#..#..#.....#...#...#.#.#...#.#.#...#.
.###.###.###.###...#.###.###...#.###.###.


**************

D-2

20
.###.###.###.###.###.###.###.###.###.#.#.###.#.#.#.#.#.#.###.###.###.###..#..###
...#.#.#...#.#.#.#.#.#...#.#...#.#.#.#.#.#...#.#.#.#.#.#.#.....#.#.#.#.#.##..#.#
.###.#.#...#.###.#.#.###.###...#.###.###.###.###.###.###.###...#.###.#.#..#..###
.#...#.#...#...#.#.#.#.#...#...#.#.#...#.#.#...#...#...#.#.#...#...#.#.#..#..#.#
.###.###...#.###.###.###.###...#.###...#.###...#...#...#.###...#.###.###.###.###


***************

E-1

3 2 3
1 2
2 3
5 10 15
1 2
2 1 20
1 1

***************

E-2

30 10 20
11 13
30 14
6 4
7 23
30 8
17 4
6 23
24 18
26 25
9 3
18 4 36 46 28 16 34 19 37 23 25 7 24 16 17 41 24 38 6 29 10 33 38 25 47 8 13 8 42 50
2 1 9
1 8
1 9
2 20 24
2 26 18
1 20
1 26
2 24 31
1 4
2 21 27
1 25
1 29
2 10 14
2 2 19
2 15 36
2 28 6
2 13 5
1 12
1 11
2 14 43

***************

G-1

1 2 2
1 1

***************

G-2

1 2 2
2 1

***************

G-3

5 -2 3
1 1
-1 1
0 1
-2 1
-3 1

***************

H-1

2 5
1 4
2 2 20

***************

H-2

4 5
1 2 3 4
2 20 100

***************

H-3

10 19
1 3 4 5 7 8 10 13 15 17
2 1000 10

***************

I-1

2
19
4 1 1
4 1 2
4 2 1
4 2 2
3 
4 1 1
4 1 2 
4 2 1 
4 2 2 
1 1 2 
4 1 1 
4 1 2 
4 2 1 
4 2 2 
2 2 1 
4 1 1
4 1 2 
4 2 1 
4 2 2

***************

I-2

3
9 
2 2 3
3 
1 2 1 
2 3 2
1 1 3
3 
4 1 1
4 2 2
4 2 3

***************

I-3(おまけ)

3
10
3
4 1 1
4 1 2
4 1 3
4 2 1
4 2 2
4 2 3
4 3 1
4 3 2
4 3 3

***************

J-1

2 5
5 3 2 4 8

***************

J-2

5 10
13 16 6 15 10 18 13 17 11 3

***************

J-3

10 30
35 23 43 33 38 25 22 39 22 6 41 1 15 41 3 20 50 17 25 14 1 22 5 10 34 38 1 12 15 1

***************

K-1

3 4
1 2 1
2 3 2
3 1 3
1 3 2

***************

K-2

10 20
3 6 3
6 5 6
10 8 10
5 7 3
1 3 1
4 10 4
5 4 6
10 7 4
7 9 3
9 8 4
8 1 4
3 7 1
2 3 2
9 8 3
8 1 10
8 2 8
9 10 9
2 1 8
4 9 6
1 7 4

***************

L-1

2
3 1 200 1000
5 20 30 40 50 2
5
1 1 1 2 2

***************

L-2

10
6 8 24 47 29 73 13
1 4
5 72 15 68 49 16
5 65 20 93 64 91
6 100 88 63 50 90 44
2 6 1
10 14 2 76 28 21 78 43 11 97 70
5 31 9 62 84 40
8 10 46 96 23 98 19 38 51
2 37 77
20
1 1 1 1 2 2 2 1 1 2 2 2 2 2 1 2 1 2 2 1

***************

N-1

5 3
1 1 0
1 2 0
2 2 4

***************

N-2

10 15 
1 3 0 
1 5 0 
1 4 0 
1 2 0 
1 3 0 
2 4 7 
1 5 0 
1 7 0 
1 9 0 
1 8 0 
2 3 5 
1 8 0 
1 9 0 
1 5 0 
1 2 0

****************

O-1

2 1
3 2
3 3
100000 100000 100000

****************

O-2

4 2
2 4 3 3
4 2 3 3
100000 100000 100000

****************

O-3

20 19
3 2 3 4 3 3 2 3 2 2 3 3 4 3 2 4 4 3 3 4 
2 3 4 2 4 3 3 2 4 2 4 3 3 2 3 4 4 4 2 2 
3 4 5

****************

2
yc
ys

2
rv
jh

3
acs
xdz
esb

4
acsi
xdzf
elbg
tyua

4
acsi
xdzf
elbg
iyua

5
acsiq
xdzfw
elbgr
iyuat
vbcnd

3
acs
acs
acs

4
aaaa
aaaa
aaaa
aaaa

4
bbba
aaaa
aaaa
aaaa

5
bbadd
vkeek
iiccc
haggv
hzffz

5
baxfs
aaacd
qwert
yuiop
lkjhg